.Random.seed <-
c(403L, 10L, 1797797410L, 260442237L, -1665928841L, -786211170L, 
1916292440L, 610319547L, 952500825L, -1883133464L, -1520743402L, 
-798885999L, 1694423107L, -395370670L, -1936071708L, -1615775193L, 
1907643005L, -1219687564L, 42002266L, 1198350757L, 1814691263L, 
1736056390L, -1507480368L, -1352661261L, 1760985105L, -61348288L, 
-1021851106L, 1825228009L, -131011045L, -1345909206L, -1534103220L, 
1567111951L, 1369517637L, -1337550852L, -1087533486L, 1658622925L, 
-702866041L, -905422738L, 1199415368L, 1763086923L, 314740649L, 
945897208L, -1814832602L, -1557441727L, 1709553875L, 2117631106L, 
-1208632652L, 57568823L, -779365075L, 1966267972L, -2113510550L, 
-189665323L, -5129873L, 2072237174L, -81903712L, 2122426467L, 
705572097L, 292888688L, -1127404530L, 1154157689L, -2115347445L, 
1128813882L, 2087871548L, -805522561L, -1670790955L, 2041804012L, 
-1226568126L, 745111965L, -1360628713L, 1152297342L, 135262008L, 
-221468645L, -1404720775L, -1250881592L, 1496585206L, -1216494031L, 
309608547L, -703905742L, -1963557500L, -506625081L, 626124445L, 
-208941548L, 1545999546L, 528220421L, -1929272609L, -1212936346L, 
1320298224L, -1455743469L, -812435535L, -516455840L, 108298238L, 
-666964087L, -1380620101L, 2071004298L, 1347508076L, -1164417809L, 
-1032859867L, -22431268L, -1316722766L, 2020175533L, -523385241L, 
-1250822770L, 350896744L, -714473877L, -26241015L, -1568471400L, 
1839546822L, 1128436001L, -1706090061L, -392061662L, -321038572L, 
1692929943L, 1890307981L, 2038608548L, -1933329270L, -784174347L, 
-1897982641L, 1830068822L, -1372962560L, 1260106819L, 1007556577L, 
-895862960L, -29775442L, -1469323431L, 966159723L, -418171686L, 
-460112484L, -974986849L, 1564632053L, -295472500L, 838719330L, 
590931773L, 733224887L, -1857450914L, -621829736L, 2041636091L, 
-1363111783L, 1891574056L, 290355158L, -294816687L, 584277763L, 
1600640658L, 847361060L, -1788495129L, 828264253L, -300462156L, 
-990890982L, -946761883L, 753447423L, 360684678L, -2030739440L, 
-812727629L, 1032864081L, 1693303040L, 180798430L, 292417577L, 
9521115L, 1777366250L, -1615490420L, -302248497L, 1092796805L, 
462371388L, 1059200786L, 824493069L, -1723117753L, 448277806L, 
-806015864L, 1162557835L, -312475287L, 1331079992L, 73340390L, 
-1229344383L, -1680628461L, 93954754L, -200790668L, 155078007L, 
-737659283L, 1446762756L, -2086294486L, 573694357L, -1485203921L, 
-134909130L, -271463584L, 1432301987L, -566611263L, -1522488656L, 
-1015921202L, 581318969L, 1839985995L, 1679113978L, 859533308L, 
705417279L, -1688352491L, 113250860L, -1272865022L, 576367581L, 
-114604329L, 81334718L, 1509495800L, 1340458971L, 1135966777L, 
-1648084088L, 1366002486L, 511842673L, 236712867L, -1602993422L, 
503448132L, 1644236039L, -1813424931L, 2045034964L, -332856070L, 
-405578683L, -478237537L, -386109914L, -1319245136L, 2067797843L, 
488305265L, 241541024L, -1261373634L, 1914191433L, -1341777157L, 
2070465226L, 561691692L, -832273361L, -862884635L, -1878899300L, 
-520787982L, -2133527955L, -1122781273L, 221163244L, -1219073452L, 
-318897518L, 1603797280L, 2140694988L, -1832598816L, 983865538L, 
1403237416L, -888277076L, 2011136700L, 1654819826L, 713535024L, 
-122919004L, 1282125240L, 205285210L, 195637392L, 1849287548L, 
-404647660L, 1790069058L, -642815744L, -781152836L, 891455824L, 
266086690L, 363545160L, -1370691572L, -1593489828L, -1957844526L, 
688852480L, -1011819180L, -776827672L, 996608250L, 1580048080L, 
-1704113364L, -541611788L, -1415372398L, 279627104L, 102134796L, 
-1048949536L, 1203655266L, -882744152L, -1563409332L, 930668412L, 
1961654578L, -1028038032L, -860622012L, -929252392L, -547542150L, 
-1487833040L, -1449836612L, 1345808980L, -951799742L, -195574112L, 
-537951556L, -20724784L, 59544930L, -787464472L, -533160756L, 
-2034640388L, -1670832654L, -735142784L, 1484044788L, 1182712456L, 
-1870791878L, -812260016L, -136166292L, -1734701676L, -152704942L, 
-608256544L, 240891084L, 501816992L, -578809470L, 1926062312L, 
1057147628L, 1383685436L, 1304365170L, 1602314864L, -1503094236L, 
208119864L, 1718008090L, 674964688L, 2020153660L, -487124076L, 
-1007364222L, 1214057408L, 1137907260L, 1730789776L, -927176670L, 
811846920L, 1834543244L, 1827557148L, -761906030L, -1933521536L, 
534425620L, 382838568L, -1456069062L, 1465141712L, -1744354964L, 
-1396917324L, -1628319214L, 1541543904L, 699398604L, 1533270240L, 
-1687768030L, 1883913000L, 1715022348L, -1278233796L, -1050425358L, 
21988080L, -495580604L, -307857832L, 425629498L, -952477712L, 
-556029252L, 82461972L, -2072515390L, -1550521248L, -492487300L, 
-962068528L, 2096269602L, 1854705320L, -23953524L, 687826108L, 
444535602L, 1705391680L, -274074444L, 1603816520L, 933318074L, 
956226064L, 1428065516L, -881536684L, 517585682L, 1989084576L, 
-406564148L, -1973859744L, -841766974L, -298163416L, 1705910700L, 
635876668L, 1399440242L, -289577680L, 1867915044L, 135259448L, 
151168730L, 858847120L, -1024834820L, 750377876L, 1492329538L, 
-98980608L, -224542660L, 1049627984L, 2503842L, -655770808L, 
383364876L, -2098753828L, 502302546L, -1905269120L, -238415788L, 
1282147304L, 1407109882L, -915526320L, 1886451500L, -884905100L, 
-1846606958L, -1812084128L, -586797172L, -1702422688L, -1462772766L, 
-2144859224L, 267488460L, 1047579132L, -1009528910L, -1259233808L, 
-125305404L, -45747880L, -1649269382L, -551346768L, -467172420L, 
-730208172L, -1105141822L, 835975200L, -1559670596L, -1452443056L, 
-736962590L, 1741512296L, -1858003380L, -236361476L, 783544306L, 
-209959680L, 1979546484L, -1556989944L, -1968354886L, -888779312L, 
-287550484L, -155112556L, -238597166L, -1285222560L, 1484781900L, 
-1421582048L, 1327394690L, 773418728L, 517519596L, -663339460L, 
110207858L, 349349488L, 490589220L, -1627742408L, -860782438L, 
-774052144L, -1621998404L, 1122495124L, -317670782L, 177270976L, 
-493451972L, -61421424L, 67444258L, -1097967096L, -1186769652L, 
-340270436L, -2103536110L, -1302736512L, 906019348L, 1423695400L, 
-258088646L, 237640656L, -1327141268L, 791608116L, -1337765230L, 
-1098505662L, -1232748496L, 1434203225L, 38332875L, -2087081412L, 
-2074155926L, -1337723233L, 1346894633L, 1456609214L, 1468802732L, 
-34272259L, 1241678663L, 449815600L, 1901725006L, -92660357L, 
1724697309L, -1247999222L, -1697871320L, -1861868911L, -624369021L, 
268133252L, 2077149618L, -443943161L, 1522816337L, 545168598L, 
-1156712012L, 1491955141L, 1653816591L, 922995592L, -586739034L, 
-425196973L, 754142133L, 1640626450L, -579671328L, 214925129L, 
1413976443L, -864912308L, -847954470L, -1126072369L, -604503655L, 
1009742254L, 256872124L, -1999110355L, -1741521705L, 623265056L, 
-447884674L, 987798603L, -249721267L, 171914362L, 1658778808L, 
526270049L, -207879149L, 1596338740L, -1842678718L, -1667117993L, 
-768112735L, 1035024486L, -1151008668L, 522148757L, -188355393L, 
-1073275816L, 56903798L, 1933277315L, -751552315L, 765392354L, 
-237159344L, 198776185L, -395122005L, -452414948L, 1817578826L, 
426210623L, 167113609L, -1189049442L, 120556108L, -2107864035L, 
1597490599L, 1069643984L, 148974190L, -909855461L, 1192504957L, 
-1753023382L, -1239684856L, 1608973745L, 54893091L, -1457258716L, 
857688018L, 721945639L, 221101681L, -1283930954L, 76317780L, 
1831468261L, -1903785745L, -269927384L, 1438345350L, 150778547L, 
619820053L, 110872178L, -50707776L, 453887785L, 1507583387L, 
-594206100L, 70702714L, 890931119L, 637592249L, -4453170L, -1949202916L, 
1986551181L, 756829175L, 1915416320L, -69565090L, -1925329365L, 
-1558027987L, 517553562L, 1036610392L, 632206017L, -1148381837L, 
1814619796L, -1054354654L, -719028681L, 1575209729L, 2077725190L, 
502919236L, -474332811L, 2120123615L, 1333352504L, 2018123798L, 
-772378589L, 503967717L, -71394814L, -2082748304L, -1234108903L, 
411901963L, 1736456956L, -2010895574L, 1769651551L, -731425559L, 
-862067714L, 857726956L, -258577603L, -1307318521L, -523452688L, 
1190092430L, -549545797L, 1411681437L, 1263648842L, 1203888744L, 
-1513116079L, -1518185149L, 1481720900L, 568469234L, -1083658553L, 
